S_1 = 2.000000 
S_2 = 2.500000 
S_3 = 2.666667 
S_4 = 2.708333 
S_5 = 2.716667 
S_6 = 2.718056 
S_7 = 2.718254 
S_8 = 2.718279 
S_9 = 2.718282 
S_10 = 2.718282 
S_11 = 2.718282 
S_12 = 2.718282 
S_13 = 2.718282 
S_14 = 2.718282 
S_15 = 2.718282 
S_16 = 2.718282 
S_17 = 2.718282 
S_18 = 2.718282 
S_19 = 2.718282 
S_20 = 2.718282 
S_21 = 2.718282 
S_22 = 2.718282 
S_23 = 2.718282 
S_24 = 2.718282 
S_25 = 2.718282 
